base_link-os_sensor:
    - [1.0, 0.0, 0.0, 0.003]
    - [0.0, 1.0, 0.0, 0.0]
    - [0.0, 0.0, 1.0, 0.112]
    - [0.0, 0.0, 0.0, 1.0]

os_sensor-os_lidar:
    - [-1.0, 0.0, 0.0, 0.0]
    - [0.0, -1.0, 0.0, 0.0]
    - [0.0, 0.0, 1.0, 0.038195]
    - [0.0, 0.0, 0.0, 1.0]

os_sensor-os_imu:
    - [1.0, 0.0, 0.0, -0.002441]
    - [0.0, 1.0, 0.0, -0.009725]
    - [0.0, 0.0, 1.0, 0.007533]
    - [0.0, 0.0, 0.0, 1.0]

base_link-realsense_link:
    - [1.0, 0.0, 0.0, 0.0772]
    - [0.0, 1.0, 0.0, 0.0175]
    - [0.0, 0.0, 1.0, 0.03028]
    - [0.0, 0.0, 0.0, 1.0]

front_left-os_imu:
    - [
          0.49748779177117264,
          -0.8674703482951123,
          -0.0010449245900464033,
          0.03373449184800318,
      ]
    - [
          -0.014158709337728559,
          -0.006915498836790546,
          -0.9998758457057195,
          -0.03365463641228493,
      ]
    - [
          0.8673554219514235,
          0.49744082130902245,
          -0.015722636765919673,
          -0.08937043010937532,
      ]
    - [0.0, 0.0, 0.0, 1.0]

front_right-os_imu:
    - [
          -0.5032760766600475,
          -0.8641099489258914,
          0.005214099055880772,
          -0.017770966416004265,
      ]
    - [
          -0.0036913000921393047,
          -0.0038840904194440556,
          -0.9999856439695746,
          -0.03493967092481268,
      ]
    - [
          0.8641177957693622,
          -0.5032880984177036,
          -0.0012349193463980362,
          -0.07539551760895506,
      ]
    - [0.0, 0.0, 0.0, 1.0]

side_left-os_imu:
    - [
          0.9999288919536093,
          0.00638519720991317,
          -0.010071757196060821,
          0.06002549496621964,
      ]
    - [
          -0.009996191435000204,
          -0.01175798971110198,
          -0.9998809058256626,
          -0.03853332910949778,
      ]
    - [
          -0.006502860387607476,
          0.9999104854608452,
          -0.01169332596976358,
          -0.0983728165323974,
      ]
    - [0.0, 0.0, 0.0, 1.0]

side_right-os_imu:
    - [
          -0.9999160197374485,
          0.007340134754451545,
          0.010680631732387114,
          -0.06410733010624163,
      ]
    - [
          -0.01072126084638502,
          -0.005518323153122298,
          -0.9999272986949796,
          -0.04194880372260643,
      ]
    - [
          -0.007280661939697076,
          -0.999957834376711,
          0.0055965552222451,
          -0.06768289210042867,
      ]
    - [0.0, 0.0, 0.0, 1.0]
# realsense_color_frame-os_imu:
#     - [
#           -0.014727338818110586,
#           -0.9997505489706886,
#           -0.016791227594876112,
#           0.039938237003778305,
#       ]
#     - [
#           -0.05130052290257775,
#           0.01752642757563294,
#           -0.9985294590979066,
#           -0.11186067996703218,
#       ]
#     - [
#           0.9985746651308847,
#           -0.013844282908206218,
#           -0.05154584357151279,
#           -0.12417107842813298,
#       ]
#     - [0.0, 0.0, 0.0, 1.0]
